TotalNumberOfSites=8

Model=FeAsBasedSc
FeAsMode=INT_PAPER33
Orbitals=2
hubbardU 4            4.50660 1.68998 -2.25330 -1.12665
SolverOptions=twositedmrg
Version=version
OutputFile=data363.txt
InfiniteLoopKeptStates=100
FiniteLoops 7
 3 100 0
-6 100 0 6 100 0
-6 100 0 6 100 0
-6 100 0 6 100 1

TargetElectronsUp=8
TargetElectronsDown=8

Threads=16
LanczosSteps=500

NumberOfTerms=1

DegreesOfFreedom=2
GeometryKind=LongRange
GeometryOptions=none
GeometryMaxConnections=0
Connectors 16 16
0 0 -0.024 0 -0.334 -0.177 0.085 0.216 0 0 0 0 0 0 0 0
0 0 0 0.216 0.177 0.212 -0.216 0.109 0 0 0 0 0 0 0 0
-0.024 0 0 0 0.085 0.216 -0.334 -0.177 0 0 0 0 0 0 0 0
0 0.216 0 0 -0.216 0.109 0.177 0.212 0 0 0 0 0 0 0 0
-0.334 0.177 0.085 -0.216 0 0 -0.024 0 -0.334 -0.177 0.085 0.216 0 0 0 0
-0.177 0.212 0.216 0.109 0 0 0 0.216 0.177 0.212 -0.216 0.109 0 0 0 0
0.085 -0.216 -0.334 0.177 -0.024 0 0 0 0.085 0.216 -0.334 -0.177 0 0 0 0
0.216 0.109 -0.177 0.212 0 0.216 0 0 -0.216 0.109 0.177 0.212 0 0 0 0
0 0 0 0 -0.334 0.177 0.085 -0.216 0 0 -0.024 0 -0.334 -0.177 0.085 0.216
0 0 0 0 -0.177 0.212 0.216 0.109 0 0 0 0.216 0.177 0.212 -0.216 0.109
0 0 0 0 0.085 -0.216 -0.334 0.177 -0.024 0 0 0 0.085 0.216 -0.334 -0.177
0 0 0 0 0.216 0.109 -0.177 0.212 0 0.216 0 0 -0.216 0.109 0.177 0.212
0 0 0 0 0 0 0 0 -0.334 0.177 0.085 -0.216 0 0 -0.024 0
0 0 0 0 0 0 0 0 -0.177 0.212 0.216 0.109 0 0 0 0.216
0 0 0 0 0 0 0 0 0.085 -0.216 -0.334 0.177 -0.024 0 0 0
0 0 0 0 0 0 0 0 0.216 0.109 -0.177 0.212 0 0.216 0 0

potentialV 32
0.423 0.423 0.423 0.423 0.423 0.423 0.423 0.423
-0.314 -0.314 -0.314 -0.314 -0.314 -0.314 -0.314 -0.314
0.423 0.423 0.423 0.423 0.423 0.423 0.423 0.423
-0.314 -0.314 -0.314 -0.314 -0.314 -0.314 -0.314 -0.314

#ci observe arguments="<gs|c?0'*c?0|gs>,<gs|c?0'*c?1|gs>,<gs|c?0'*c?2|gs>,<gs|c?0'*c?3|gs>,<gs|c?1'*c?1|gs>,<gs|c?1'*c?2|gs>,<gs|c?1'*c?3|gs>,<gs|c?2'*c?2|gs>,<gs|c?2'*c?3|gs>,<gs|c?3'*c?3|gs>,ss"
